SAVEGAME v1
state 3
level 0
score 400
px 610.176
plives 1
pcd 0.16666
numRows 4
eCount 24
est 0.48341
dt 3.98918
E 0 0 4 89.442 140.000 140.000 30.000 -1.000 19.99967 0.54000 3.00000 3 3 0 1
E 0 1 4 144.442 140.000 140.000 30.000 -1.000 19.99967 0.99000 3.00000 3 3 0 1
E 0 2 4 199.442 140.000 140.000 30.000 -1.000 19.99967 1.88000 3.00000 3 3 0 1
E 0 3 4 254.442 140.000 140.000 30.000 -1.000 19.99967 1.08000 3.00000 3 3 0 1
E 0 4 4 309.442 140.000 140.000 30.000 -1.000 19.99967 0.95000 3.00000 3 3 0 1
E 0 5 4 364.442 140.000 140.000 30.000 -1.000 19.99967 2.00000 3.00000 3 3 0 1
E 0 6 0 616.115 100.000 100.000 30.000 1.000 6.53720 1.47000 3.00000 0 3 5 0
E 0 7 0 574.115 140.000 140.000 30.000 -1.000 16.67717 0.03000 3.00000 0 3 5 0
E 0 8 0 709.622 120.000 120.000 30.000 -1.000 13.99347 0.46000 3.00000 0 3 5 0
E 0 9 4 584.441 140.000 140.000 30.000 -1.000 19.99967 1.05000 3.00000 3 3 0 1
E 0 10 4 639.441 140.000 140.000 30.000 -1.000 19.99967 0.21000 3.00000 2 3 0 1
E 1 0 5 415.483 200.000 200.000 100.000 -1.000 19.99967 0.93000 0.50000 1 1 0 1
E 1 1 5 470.483 200.000 200.000 100.000 -1.000 19.99967 0.36000 0.50000 1 1 0 1
E 1 2 5 525.483 200.000 200.000 100.000 -1.000 19.99967 1.57000 0.50000 1 1 0 1
E 1 3 5 580.484 200.000 200.000 100.000 -1.000 19.99967 0.25000 0.50000 1 1 0 1
E 1 4 0 558.156 160.000 160.000 100.000 -1.000 3.48604 0.96000 0.50000 0 1 5 0
E 1 5 0 671.782 180.000 180.000 100.000 -1.000 11.54169 0.95000 0.50000 0 1 5 0
E 1 6 0 696.781 180.000 180.000 100.000 -1.000 11.84171 1.29000 0.50000 0 1 5 0
E 1 7 0 633.112 160.000 160.000 100.000 -1.000 4.38648 1.95000 0.50000 0 1 5 0
E 1 8 0 656.444 160.000 160.000 100.000 -1.000 4.70316 1.37000 0.50000 0 1 5 0
E 1 9 5 910.487 200.000 200.000 100.000 -1.000 19.99967 0.60000 0.50000 1 1 0 1
E 1 10 0 678.048 160.000 160.000 100.000 -1.000 5.58712 0.47000 0.50000 0 1 5 0
E 2 0 2 231.894 260.000 260.000 45.000 1.000 19.99967 1.83000 1.50000 1 1 0 1
E 2 1 2 286.894 260.000 260.000 45.000 1.000 19.99967 0.29000 1.50000 1 1 0 1
E 2 2 2 341.894 260.000 260.000 45.000 1.000 19.99967 1.06000 1.50000 1 1 0 1
E 2 3 2 396.894 260.000 260.000 45.000 1.000 19.99967 1.86000 1.50000 1 1 0 1
E 2 4 0 532.159 220.000 220.000 45.000 1.000 4.93687 0.04000 1.50000 0 1 5 0
E 2 5 0 661.424 220.000 220.000 45.000 -1.000 6.72054 0.77000 1.50000 0 1 5 0
E 2 6 0 560.272 220.000 220.000 45.000 1.000 3.11715 0.64000 1.50000 0 1 5 0
E 2 7 0 516.389 260.000 260.000 45.000 1.000 17.76611 1.21000 1.50000 0 1 5 0
E 2 8 0 785.916 220.000 220.000 45.000 -1.000 7.62074 0.89000 1.50000 0 1 5 0
E 2 9 0 801.154 240.000 240.000 45.000 -1.000 8.50436 0.98000 1.50000 0 1 5 0
E 2 10 0 695.419 240.000 240.000 45.000 -1.000 12.07630 0.97000 1.50000 0 1 5 0
E 3 0 4 89.442 320.000 320.000 30.000 -1.000 19.99967 1.18000 3.00000 3 3 0 1
E 3 1 4 144.442 320.000 320.000 30.000 -1.000 19.99967 0.96000 3.00000 3 3 0 1
E 3 2 4 199.442 320.000 320.000 30.000 -1.000 19.99967 1.69000 3.00000 3 3 0 1
E 3 3 4 254.442 320.000 320.000 30.000 -1.000 19.99967 1.09000 3.00000 3 3 0 1
E 3 4 4 309.442 320.000 320.000 30.000 -1.000 19.99967 0.38000 3.00000 3 3 0 1
E 3 5 0 487.118 300.000 300.000 30.000 -1.000 15.91047 1.34000 3.00000 0 3 5 0
E 3 6 0 485.010 280.000 280.000 30.000 1.000 2.16697 1.15000 3.00000 0 3 5 0
E 3 7 0 558.009 280.000 280.000 30.000 1.000 2.76700 0.32000 3.00000 0 3 5 0
E 3 8 0 703.109 280.000 280.000 30.000 1.000 5.77046 1.90000 3.00000 0 3 5 0
E 3 9 4 584.441 320.000 320.000 30.000 -1.000 19.99967 1.86000 3.00000 1 3 0 1
E 3 10 4 639.441 320.000 320.000 30.000 -1.000 19.99967 0.33000 3.00000 2 3 0 1
E 4 0 0 0.000 0.000 0.000 0.000 0.000 8590035968.00000 0.00000 0.00000 0 1548785115 32765 0
E 4 1 0 0.000 0.000 8590035968.000 0.000 0.000 0.00000 0.00000 0.00000 7612864 0 7612864 0
E 4 2 0 0.000 0.000 0.000 219958417828085760.000 0.000 0.00000 0.00000 8590035968.00000 5570626 5505093 4391007 83
E 4 3 0 0.000 0.000 0.000 0.000 0.000 0.00000 0.00000 0.00000 7602273 6029413 7929939 115
E 4 4 0 0.000 0.000 0.000 0.000 0.000 0.00000 0.00000 0.00000 7667821 0 0 0
E 4 5 0 0.000 0.000 0.000 0.000 0.000 0.00000 0.00000 0.00000 0 0 0 0
E 4 6 0 0.000 0.000 0.000 0.000 0.000 0.00000 0.00000 0.00000 0 0 0 0
E 4 7 0 0.000 0.000 0.000 0.000 0.000 0.00000 0.00000 0.00000 0 0 0 0
E 4 8 0 0.000 0.000 0.000 0.000 0.000 0.00000 0.00000 0.00000 0 0 0 224
E 4 9 0 0.000 0.000 0.000 0.000 0.000 0.00000 219953470025760768.00000 0.00000 7536640 0 7536640 0
E 4 10 0 0.000 0.000 0.000 0.000 0.000 0.00000 0.00000 0.00000 0 0 0 99
E 5 0 0 0.000 0.000 0.000 0.000 0.000 0.00000 0.00000 0.00000 6281448 0 17301512 0
E 5 1 0 0.000 0.000 0.000 0.000 0.000 0.00000 0.00000 0.00000 0 1547913137 32765 0
E 5 2 0 0.000 0.000 0.000 0.000 0.000 0.00000 0.00000 0.00000 7612880 0 1548127093 253
E 5 3 0 0.000 0.000 0.000 0.000 0.000 0.00000 0.00000 0.00000 0 0 0 0
E 5 4 0 0.000 0.000 0.000 0.000 0.000 0.00000 0.00000 0.00000 0 0 10748066 0
E 5 5 0 0.000 0.000 0.000 0.000 0.000 0.00000 0.00000 0.00000 0 0 0 16
E 5 6 0 0.000 0.000 0.000 0.000 0.000 0.00000 0.00000 0.00000 6281672 0 6281736 0
E 5 7 0 0.000 0.000 0.000 223534046821482496.000 0.000 0.00000 0.00000 0.00000 0 6284608 0 23
E 5 8 0 0.000 0.000 0.000 0.000 0.000 0.00000 0.00000 0.00000 1547991545 32765 6284448 0
E 5 9 0 -nan 0.000 0.000 -2.000 0.000 221028517519818752.00000 0.00000 0.00000 0 6283568 0 48
E 5 10 0 0.000 0.000 0.000 0.000 -2.000 0.00000 0.00000 0.00000 6281640 0 7536640 0
E 6 0 0 0.000 0.000 0.000 0.000 0.000 0.00000 0.00000 -nan -1 128 702 1
E 6 1 0 0.000 0.000 0.000 0.000 0.000 0.00000 0.00000 0.00000 3932186 0 6282624 0
E 6 2 0 0.000 0.000 0.000 0.000 0.000 0.00000 0.00000 0.00000 0 0 0 192
E 6 3 0 0.000 0.000 0.000 0.000 0.000 0.00000 0.00000 0.00000 7617056 0 1547955551 253
E 6 4 0 0.000 0.000 0.000 0.000 0.000 0.00000 0.00000 0.00000 0 0 0 0
E 6 5 0 0.000 0.000 0.000 0.000 0.000 0.00000 0.00000 0.00000 6225974 5570626 5505093 95
E 6 6 0 0.000 0.000 0.000 0.000 0.000 0.00000 0.00000 0.00000 7078000 7602273 6029413 0
E 6 7 0 0.000 0.000 0.000 0.000 0.000 0.00000 0.00000 0.00000 1424 0 292 0
E 6 8 0 0.000 0.000 0.000 0.000 0.000 8590035968.00000 0.00000 219421443836870656.00000 32765 7537384 0 0
E 6 9 0 219637704030158848.000 0.000 0.000 0.000 242922800505946112.000 0.00000 0.00000 0.00000 0 0 6283408 0
E 6 10 0 0.000 0.000 0.000 0.000 0.000 219631295938953216.00000 0.00000 -1176383470831914740729765271961600.00000 0 512 0 240
E 7 0 0 0.000 0.000 219095129401589760.000 0.000 0.000 0.00000 0.00000 0.00000 0 0 1548206884 253
E 7 1 0 0.000 0.000 0.000 0.000 0.000 0.00000 0.00000 0.00000 0 7567808 0 247
E 7 2 0 0.000 0.000 0.000 0.000 0.000 0.00000 0.00000 0.00000 1547893732 32765 6282624 0
E 7 3 0 0.000 0.000 0.000 0.000 0.000 0.00000 0.00000 0.00000 0 1547857595 32765 219
E 7 4 0 0.000 0.000 0.000 0.000 7284848649568256.000 0.00000 0.00000 0.00000 1540961440 32765 1547857325 253
E 7 5 0 0.000 0.000 0.000 0.000 0.000 0.00000 0.00000 0.00000 0 6283521 0 128
E 7 6 0 0.000 0.000 0.000 0.000 0.000 0.00000 0.00000 0.00000 0 0 112 0
E 7 7 0 -nan 218903402061496320.000 0.000 218905257487368192.000 0.000 0.00000 0.00000 0.00000 4391007 6282736 0 0
E 7 8 0 0.000 0.000 0.000 0.000 0.000 0.00000 0.00000 0.00000 6553646 7077996 1548288000 253
E 7 9 0 0.000 0.000 0.000 0.000 0.000 0.00000 0.00000 0.00000 0 6283216 0 0
E 7 10 0 219349185307082752.000 0.000 0.000 0.000 219318776938627072.000 0.00000 0.00000 0.00000 333724 0 1548193424 253
PB 0 1 667.176 549.992 1000.000
PB 1 0 562.170 -0.066 1000.000
PB 2 0 562.170 -0.037 1000.000
PB 3 0 0.000 0.000 0.000
PB 4 0 0.000 0.000 0.000
PB 5 0 0.000 0.000 0.000
PB 6 0 0.000 0.000 0.000
PB 7 0 0.000 0.000 0.000
PB 8 0 0.000 0.000 0.000
PB 9 0 0.000 0.000 0.000
PB 10 0 0.000 0.000 0.000
PB 11 0 0.000 0.000 0.000
PB 12 0 0.000 0.000 0.000
PB 13 0 0.000 0.000 0.000
PB 14 0 0.000 0.000 0.000
PB 15 0 0.000 0.000 0.000
PB 16 0 0.000 0.000 0.000
PB 17 0 0.000 0.000 0.000
PB 18 0 0.000 0.000 0.000
PB 19 0 0.000 0.000 0.000
PB 20 0 0.000 0.000 0.000
PB 21 0 0.000 0.000 0.000
PB 22 0 0.000 0.000 0.000
PB 23 0 0.000 0.000 0.000
PB 24 0 0.000 0.000 0.000
EB 0 0 409.038 800.922 300.000
EB 1 1 300.138 760.040 300.000
EB 2 1 693.944 490.032 300.000
EB 3 0 463.808 800.055 300.000
EB 4 1 623.943 520.024 300.000
EB 5 0 0.000 0.000 0.000
EB 6 0 0.000 0.000 0.000
EB 7 0 0.000 0.000 0.000
EB 8 0 0.000 0.000 0.000
EB 9 0 0.000 0.000 0.000
BA 0
BH 0
BX 0.000
BY 0.000
BD 0.00000
BYT 0.00000
BPT 0.00000
BST 0.00000
BP 0
BM1 0
BM2 0
BB 0 0 0.000 0.000 0.000 0.000
BB 1 0 0.000 0.000 0.000 0.000
BB 2 0 0.000 0.000 0.000 0.000
BB 3 0 0.000 0.000 0.000 0.000
BB 4 0 0.000 0.000 0.000 0.000
BB 5 0 0.000 0.000 0.000 0.000
BB 6 0 0.000 0.000 0.000 0.000
BB 7 0 0.000 0.000 0.000 0.000
BB 8 0 0.000 0.000 0.000 0.000
BB 9 0 0.000 0.000 0.000 0.000
BB 10 0 0.000 0.000 0.000 0.000
BB 11 0 0.000 0.000 0.000 0.000
BB 12 0 0.000 0.000 0.000 0.000
BB 13 0 0.000 0.000 0.000 0.000
BB 14 0 0.000 0.000 0.000 0.000
BB 15 0 0.000 0.000 0.000 0.000
BB 16 0 0.000 0.000 0.000 0.000
BB 17 0 0.000 0.000 0.000 0.000
BB 18 0 0.000 0.000 0.000 0.000
BB 19 0 0.000 0.000 0.000 0.000
BB 20 0 0.000 0.000 0.000 0.000
BB 21 0 0.000 0.000 0.000 0.000
BB 22 0 0.000 0.000 0.000 0.000
BB 23 0 0.000 0.000 0.000 0.000
BB 24 0 0.000 0.000 0.000 0.000
BB 25 0 0.000 0.000 0.000 0.000
BB 26 0 0.000 0.000 0.000 0.000
BB 27 0 0.000 0.000 0.000 0.000
BB 28 0 0.000 0.000 0.000 0.000
BB 29 0 0.000 0.000 0.000 0.000
BB 30 0 0.000 0.000 0.000 0.000
BB 31 0 0.000 0.000 0.000 0.000
BB 32 0 0.000 0.000 0.000 0.000
BB 33 0 0.000 0.000 0.000 0.000
BB 34 0 0.000 0.000 0.000 0.000
BB 35 0 0.000 0.000 0.000 0.000
BB 36 0 0.000 0.000 0.000 0.000
BB 37 0 0.000 0.000 0.000 0.000
BB 38 0 0.000 0.000 0.000 0.000
BB 39 0 0.000 0.000 0.000 0.000
BB 40 0 0.000 0.000 0.000 0.000
BB 41 0 0.000 0.000 0.000 0.000
BB 42 0 0.000 0.000 0.000 0.000
BB 43 0 0.000 0.000 0.000 0.000
BB 44 0 0.000 0.000 0.000 0.000
BB 45 0 0.000 0.000 0.000 0.000
BB 46 0 0.000 0.000 0.000 0.000
BB 47 0 0.000 0.000 0.000 0.000
BB 48 0 0.000 0.000 0.000 0.000
BB 49 0 0.000 0.000 0.000 0.000
BB 50 0 0.000 0.000 0.000 0.000
BB 51 0 0.000 0.000 0.000 0.000
BB 52 0 0.000 0.000 0.000 0.000
BB 53 0 0.000 0.000 0.000 0.000
BB 54 0 0.000 0.000 0.000 0.000
BB 55 0 0.000 0.000 0.000 0.000
BB 56 0 0.000 0.000 0.000 0.000
BB 57 0 0.000 0.000 0.000 0.000
BB 58 0 0.000 0.000 0.000 0.000
BB 59 0 0.000 0.000 0.000 0.000
BB 60 0 0.000 0.000 0.000 0.000
BB 61 0 0.000 0.000 0.000 0.000
BB 62 0 0.000 0.000 0.000 0.000
BB 63 0 0.000 0.000 0.000 0.000
BB 64 0 0.000 0.000 0.000 0.000
BB 65 0 0.000 0.000 0.000 0.000
BB 66 0 0.000 0.000 0.000 0.000
BB 67 0 0.000 0.000 0.000 0.000
BB 68 0 0.000 0.000 0.000 0.000
BB 69 0 0.000 0.000 0.000 0.000
BB 70 0 0.000 0.000 0.000 0.000
BB 71 0 0.000 0.000 0.000 0.000
BB 72 0 0.000 0.000 0.000 0.000
BB 73 0 0.000 0.000 0.000 0.000
BB 74 0 0.000 0.000 0.000 0.000
BB 75 0 0.000 0.000 0.000 0.000
BB 76 0 0.000 0.000 0.000 0.000
BB 77 0 0.000 0.000 0.000 0.000
BB 78 0 0.000 0.000 0.000 0.000
BB 79 0 0.000 0.000 0.000 0.000
BB 80 0 0.000 0.000 0.000 0.000
BB 81 0 0.000 0.000 0.000 0.000
BB 82 0 0.000 0.000 0.000 0.000
BB 83 0 0.000 0.000 0.000 0.000
BB 84 0 0.000 0.000 0.000 0.000
BB 85 0 0.000 0.000 0.000 0.000
BB 86 0 0.000 0.000 0.000 0.000
BB 87 0 0.000 0.000 0.000 0.000
BB 88 0 0.000 0.000 0.000 0.000
BB 89 0 0.000 0.000 0.000 0.000
BB 90 0 0.000 0.000 0.000 0.000
BB 91 0 0.000 0.000 0.000 0.000
BB 92 0 0.000 0.000 0.000 0.000
BB 93 0 0.000 0.000 0.000 0.000
BB 94 0 0.000 0.000 0.000 0.000
BB 95 0 0.000 0.000 0.000 0.000
BB 96 0 0.000 0.000 0.000 0.000
BB 97 0 0.000 0.000 0.000 0.000
BB 98 0 0.000 0.000 0.000 0.000
BB 99 0 0.000 0.000 0.000 0.000
BB 100 0 0.000 0.000 0.000 0.000
BB 101 0 0.000 0.000 0.000 0.000
BB 102 0 0.000 0.000 0.000 0.000
BB 103 0 0.000 0.000 0.000 0.000
BB 104 0 0.000 0.000 0.000 0.000
BB 105 0 0.000 0.000 0.000 0.000
BB 106 0 0.000 0.000 0.000 0.000
BB 107 0 0.000 0.000 0.000 0.000
BB 108 0 0.000 0.000 0.000 0.000
BB 109 0 0.000 0.000 0.000 0.000
BB 110 0 0.000 0.000 0.000 0.000
BB 111 0 0.000 0.000 0.000 0.000
BB 112 0 0.000 0.000 0.000 0.000
BB 113 0 0.000 0.000 0.000 0.000
BB 114 0 0.000 0.000 0.000 0.000
BB 115 0 0.000 0.000 0.000 0.000
BB 116 0 0.000 0.000 0.000 0.000
BB 117 0 0.000 0.000 0.000 0.000
BB 118 0 0.000 0.000 0.000 0.000
BB 119 0 0.000 0.000 0.000 0.000
BB 120 0 0.000 0.000 0.000 0.000
BB 121 0 0.000 0.000 0.000 0.000
BB 122 0 0.000 0.000 0.000 0.000
BB 123 0 0.000 0.000 0.000 0.000
BB 124 0 0.000 0.000 0.000 0.000
BB 125 0 0.000 0.000 0.000 0.000
BB 126 0 0.000 0.000 0.000 0.000
BB 127 0 0.000 0.000 0.000 0.000
BB 128 0 0.000 0.000 0.000 0.000
BB 129 0 0.000 0.000 0.000 0.000
BB 130 0 0.000 0.000 0.000 0.000
BB 131 0 0.000 0.000 0.000 0.000
BB 132 0 0.000 0.000 0.000 0.000
BB 133 0 0.000 0.000 0.000 0.000
BB 134 0 0.000 0.000 0.000 0.000
BB 135 0 0.000 0.000 0.000 0.000
BB 136 0 0.000 0.000 0.000 0.000
BB 137 0 0.000 0.000 0.000 0.000
BB 138 0 0.000 0.000 0.000 0.000
BB 139 0 0.000 0.000 0.000 0.000
BB 140 0 0.000 0.000 0.000 0.000
BB 141 0 0.000 0.000 0.000 0.000
BB 142 0 0.000 0.000 0.000 0.000
BB 143 0 0.000 0.000 0.000 0.000
BB 144 0 0.000 0.000 0.000 0.000
BB 145 0 0.000 0.000 0.000 0.000
BB 146 0 0.000 0.000 0.000 0.000
BB 147 0 0.000 0.000 0.000 0.000
BB 148 0 0.000 0.000 0.000 0.000
BB 149 0 0.000 0.000 0.000 0.000
END
